        FT       PID        QT        WT
         9         2         1         4
        10         3         2         4
        10         1         1         6
        11         6         3         4
        12         5         2         5
        13         7         3         5
        14         9         4         5
        15        10         5         5
        16         8         4         6
        18        13         6         6
        18        12         6         6
        20        16         8         6
        20        15         8         6
        21        14         7         7
        21        11         5        11
        23        18         9         7
        24        17         8         8
        24        19         9         8
        24        21        10         7
        29        25        13         8
        30        22        11        11
        32        23        12        10
        33        24        13        10
        33        26        13        10
        33        30        15         9
        34        20        10        15
        36        27        14        11
        39        28        15        15
        54        29        15        28
Patients: 30 [NP: 10, SP: 10, EP: 10]
Hospitals = 3
Cars: 21 [SCar: 10, NCar: 11]
Avg Wait Time = 8.38
Avg Busy Time = 19.3
Avg Utilization = 35.8%
Failed Cars= 2, Percentage: 9.524%
