        FT       PID        QT        WT
         7        12         5         1
         8         7         4         2
        11         1         1         5
        11        15         7         2
        12         3         2         5
        12         5         2         5
        16         8         4         6
        17        21        10         4
        19         2         1         9
        19         9         5         7
        19        13         5         7
        21        11         5         8
        23        10         5         9
        23        24        11         6
        23        19        10        11
        24        27        12         6
        26        18        10         9
        27        20        10        15
        29        22        11         9
        32         6         4        14
        32        16         7        17
        33        17         7        13
        33        30        14        12
        34        14         7        16
        34        25        12        18
        37        23        11        22
        38        29        14        16
        50        26        12        29
Patients: 30 [NP: 8, SP: 12, EP: 10]
Hospitals = 4
Cars: 23 [SCar: 11, NCar: 12]
Avg Wait Time = 10.1
Avg Busy Time = 15.7
Avg Utilization = 31.3%
Failed Cars= 2, Percentage: 8.696%
